Particle,X,Y
1,0.15202336925307847,0.49276781325519736,0.46619412265140264
2,0.5877343343327182,0.9785177084833867,0.6343448169764663
3,0.7298958366178134,0.9979237605867922,0.14327496948619003
4,0.7673648788487762,0.07168544805269075,0.5781781826759412
5,0.59804523872781,0.15423111440908885,0.8789320505017326
6,0.31136025964593145,0.4249771157590191,0.07300431559207826
7,0.22679542540151748,0.22099777841258897,0.06241367008173782
8,0.8052499053525272,0.2050112249891284,0.4135213288294043
9,0.8030855344873485,0.701551138520215,0.16760014164440412
10,0.2388376677004531,0.45903330749047166,0.705319889619
11,0.7554530896151656,0.38629538699501736,0.9955470564863418
12,0.13460768558362374,0.3893569740720394,0.20832651500105775
13,0.3465721877839891,0.4681987966538481,0.30671024653054013
14,0.7091950419062515,0.6116359557966154,0.5560369981470376
15,0.8194653039556536,0.8193091333121041,0.5357745044625154
16,0.853204952951598,0.742946039518026,0.38979281250687603
17,0.24773754445935883,0.7611147089408518,0.12793252066193825
18,0.9874816942008858,0.12056933532053124,0.6224962388881706
19,0.3243238046825875,0.14711880174864203,0.4535190823681948
20,0.4922487164118156,0.31577635207797045,0.5782842009825016
