Particle,X,Y
1,0.03923769240643384,0.9936413196292256,0.6692220181270905
2,0.6618743264507195,0.8877287791619572,0.018426630548926487
3,0.012110992798336063,0.5935596580465831,0.31607670565680107
4,0.7719586528041382,0.5277278953298594,0.475944706286806
5,0.4667858244562616,0.649417679881511,0.2820090992498488
6,0.4401360330700598,0.4505637247338439,0.5064712004016735
7,0.2217577643941594,0.1259787324961706,0.6573187207888871
8,0.3985449952499041,0.6824264049700638,0.5288096929181524
9,0.20375978337067863,0.7554026448573153,0.02431388465739798
10,0.2367625074204849,0.2685643843538873,0.004228863090964348
11,0.4388722733709176,0.9878914578670589,0.5170253167630798
12,0.4335100692920326,0.28828125445941294,0.7165445923340761
13,0.9292322104754842,0.21922476733998889,0.2241383671724234
14,0.13259024909410594,0.5747407328294298,0.4422132401077633
15,0.6763091605031667,0.32012190923550926,0.24584429991288137
16,0.726016085289032,0.031210751840074713,0.6994147045691409
17,0.014533310863871501,0.7202412609983717,0.4833637140677632
18,0.8836497312889972,0.9277645715669185,0.9093417588492596
19,0.5155424637206935,0.21602634286283665,0.4432697332622814
20,0.2076668606635226,0.4057088602398054,0.19197082828914075
