Particle,X,Y
1,0.4882150671097898,0.1721428341935509,0.23345310675562875
2,0.816304383687181,0.9759742147926502,0.3166128069448037
3,0.22468716902022004,0.5099956781043697,0.276653647137706
4,0.5766757092009349,0.9940499610802754,0.541344935192479
5,0.3980837365219353,0.4363716691886696,0.04717127101895104
6,0.7948448824977454,0.6523856814228234,0.6528292978580911
7,0.8132353748385789,0.6884290560595299,0.09531907020081713
8,0.14320188781008292,0.5222259607673888,0.8290249482715166
9,0.420620849044395,0.11555761466728265,0.5992444792631949
10,0.9949923065883592,0.14953787668442417,0.5461677206503124
11,0.06641472775406167,0.6077453821950786,0.31766762447661273
12,0.7127526180954891,0.16568437671282565,0.047659511032170775
13,0.21841250026537015,0.6212496624747508,0.4949678195651604
14,0.2114327704524079,0.3917760442581198,0.11255922557556386
15,0.19643447229398728,0.9254433616325759,0.5206649622522371
16,0.16258021792464128,0.7806545849879115,0.5887827993451382
17,0.32240615645420634,0.7988763817077503,0.47981848958512757
18,0.9052203039671475,0.5239915494604356,0.39934065770055543
19,0.6527256056340698,0.9832300848521649,0.9502125489878575
20,0.6914698186039776,0.6465634588683872,0.2574994777739563
