Particle,X,Y
1,0.8114022551705786,0.10394362209110979,0.05687316033459522
2,0.16240012032269815,0.5507739297520233,0.5530145498835299
3,0.5399719890137663,0.606865872557837,0.42137481113342135
4,0.6886053492215471,0.2791539037010928,0.8594226850069616
5,0.07695729343540518,0.2608649723632982,0.13470600859630114
6,0.08268172985971596,0.9411983686719618,0.9567042965341418
7,0.016470407723023134,0.4267103584284983,0.295097131414552
8,0.9574398785636528,0.24612460239068898,0.9901200409315492
9,0.18533187138863783,0.07857752833588726,0.42318343283557147
10,0.4616277462817263,0.7493365403308085,0.8966920954621268
11,0.5493861233866201,0.0008991031819887687,0.6886258230781848
12,0.7160361649502794,0.3266584585506992,0.24240141297141896
13,0.8854139509951341,0.8876688686783946,0.09861672388626196
14,0.6899205911405679,0.26548866425076095,0.5462380142716651
15,0.9574878885453831,0.48580249911332973,0.8896471418463743
16,0.8032195898901687,0.44041038056676335,0.7314596067545841
17,0.7611553212397068,0.9576539867622177,0.7425654293690265
18,0.7809907172061382,0.06047988174268752,0.5945301713042666
19,0.4587742520056173,0.2698584227131995,0.600025554697187
20,0.9855215749583199,0.30201808907816946,0.8150685157565667
