Particle,X,Y
1,0.8912752147339957,0.28851069792356837,0.7276250625462443
2,0.9216437061091227,0.7547845130602864,0.7363897559470941
3,0.8301183705063613,0.8320469935066879,0.5943156343137312
4,0.08412947728464061,0.9439212530709692,0.36700532716415774
5,0.9171121354911429,0.6806288430411631,0.07465423403808821
6,0.25922720778240327,0.3876347575144201,0.975902835224326
7,0.43293898782551804,0.10474946053066542,0.0444587665530531
8,0.1492396117536902,0.5855213530521135,0.30168296836487934
9,0.060534486088996614,0.7517205288475534,0.22251267219800677
10,0.3977277014285796,0.8483373708698333,0.38681450121058075
11,0.19194971654777906,0.8307503771414848,0.5058348813995678
12,0.16917743374672634,0.8471875576081624,0.9464488884961813
13,0.29048694348316695,0.5049195877985584,0.2520722210068169
14,0.166362150831869,0.6197689949748385,0.024609335552092777
15,0.3389067552846106,0.32251664809757596,0.49574349906594734
16,0.6887180938085878,0.5303122177416718,0.27358694258699906
17,0.48791242276450436,0.3224847929602712,0.10543821924705868
18,0.7734616262567032,0.988076747220538,0.7247779955286793
19,0.8988327760521284,0.2785145556536059,0.9571465962812274
20,0.7010119116756819,0.6252332629309624,0.40955553385149535
