Particle,X,Y
1,0.7455616780608376,0.36707870941137477,0.8374597624101358
2,0.07770337763945946,0.6673405798744276,0.35255474351916777
3,0.32916396877097376,0.9632746109970886,0.3700937715701387
4,0.6622293208673444,0.5538283942358315,0.43635420936412883
5,0.9493167922678855,0.2725565832992037,0.03384091842823938
6,0.8461947487585029,0.4272708683237117,0.34651857611457476
7,0.05889142064721074,0.8328956368866596,0.5209439137658575
8,0.7522327795606055,0.4474950621663958,0.5923549414143874
9,0.8519989738571792,0.6665497338596283,0.7382814711846593
10,0.585915467987214,0.23337669025950597,0.7106283611985973
11,0.8694470986327874,0.003983574001522346,0.9362090833646194
12,0.4355868121254947,0.7195025659716447,0.10656796878942704
13,0.4667925332313153,0.8207618472477817,0.45567776467066967
14,0.00034427589193477865,0.790340510955486,0.18738438441278127
15,0.8367646900520002,0.22053996004472917,0.4357329532004513
16,0.04983674402010916,0.4320764591314935,0.0889593469348992
17,0.08879648834945027,0.0002786428045047218,0.1567079122476892
18,0.9408176108525353,0.5695413141345891,0.6029885341035041
19,0.5724750081038419,0.9365938219139847,0.890252386664342
20,0.21080928314963987,0.8938051069012506,0.9662278091873281
