Particle,X,Y
1,0.37458604856051797,0.9507524126983187,0.7319835107102557
2,0.5986266429335481,0.15594155643304816,0.15605077253733854
3,0.058084188871666484,0.8661644963272749,0.6011558675805734
4,0.7080267378456386,0.02062721160812354,0.9699249437892791
5,0.832389601242788,0.21233523466019294,0.18187468720877223
6,0.18344517100737753,0.30431866125379636,0.5247737155584344
7,0.4321173519477441,0.2911821034109544,0.6118325191556391
8,0.38867417801256154,0.2712765264905494,0.8287907847327819
9,0.4561161565311008,0.7851769302119905,0.19964647015941395
10,0.5141580362025363,0.5923742382109533,0.046488420304502134
11,0.1409134152520762,0.8021751746005245,0.0745762444520206
12,0.948944693880038,0.9656452522617114,0.8084134742474055
13,0.30468364888873123,0.09768156776708636,0.6842170652167101
14,0.9869208142166772,0.7722302394690629,0.19869629323069518
15,0.03445409920999042,0.9093068892023816,0.258644909807443
16,0.6625399382756728,0.311690863429675,0.520053246348019
17,0.5467334097105399,0.1848459763746445,0.9695955523192569
18,0.0054091424291973144,0.8154038352038641,0.7069484686693971
19,0.5978989701956173,0.9217886640039371,0.08843775753461557
20,0.1959321408598801,0.04523252105905527,0.32530822503736595
