Particle,X,Y
1,0.824386946660653,0.9052150226075237,0.6276914329484511
2,0.9641772936919135,0.03949218883681043,0.9886352584669826
3,0.40812248708593096,0.303899615099038,0.33170972663572196
4,0.8869273351410664,0.082918078924734,0.45955950361196996
5,0.6551744392227241,0.2871788853192239,0.7269953588218637
6,0.8380903604262672,0.2308789200325955,0.8008069218976445
7,0.49080280177847346,0.7129189888332325,0.003665779158472209
8,0.9805445120069504,0.936911730279035,0.27573032548775356
9,0.5949612558932295,0.06759352973761819,0.18344389227980235
10,0.7702282112191472,0.724365880702837,0.5510829904594658
11,0.4098915331400546,0.029176996148583156,0.9168065084968208
12,0.7449578244425615,0.6129720835144946,0.26893657132308735
13,0.36440085915063664,0.07457869483708006,0.17209350352719843
14,0.13089645298064712,0.46843809094389505,0.007330119902856317
15,0.3273571039929293,0.270787427147552,0.06879671819665475
16,0.14359296374008934,0.7110669559709516,0.4654759770190658
17,0.34251946496752295,0.9805592347797661,0.7710887521916573
18,0.7258554037231096,0.42500414226760436,0.42437305475296044
19,0.7552742969249713,0.15756024103979355,0.5955182054353643
20,0.132661354951319,0.41183888595757734,0.3064167409478047
