Particle,X,Y
1,0.9542036664106095,0.011686114687910991,0.664338318597869
2,0.011034293704252143,0.8517181105056744,0.10108041309695587
3,0.2714194617479169,0.7655653712830621,0.6271930875575261
4,0.7800716355446389,0.81659015815875,0.5596150236427369
5,0.1321623662595438,0.40680628363875676,0.49877711571621747
6,0.26406452928540053,0.9109307128468558,0.4528553681024743
7,0.8936390599332312,0.9587213583844184,0.2685472334979559
8,0.9405995358959902,0.3529841921020948,0.20934679288793978
9,0.06846283921434089,0.14003570808350288,0.002922025773213883
10,0.2663656231183329,0.9883862683096576,0.9117859043204278
11,0.42046874504074827,0.5706646258445326,0.7825051712470052
12,0.45788764405266896,0.4136705970472232,0.2518673092510796
13,0.1916763605229473,0.38367258337103577,0.2610891411424968
14,0.6602238439395333,0.35646563916669916,0.7021561761571793
15,0.9678055388407493,0.5168758922774856,0.9652471921515302
16,0.6872952060905986,0.056618302490212775,0.5960820438764509
17,0.23038056203001897,0.11602490800605984,0.48668761721786896
18,0.32853655687103184,0.6319187943659,0.17423413222292747
19,0.7820182105988366,0.5451622351457469,0.7563885824181716
20,0.942591479570563,0.21746035642763425,0.9028108991576597
