Particle,X,Y
1,0.25843697516356373,0.9618459466290319,0.4627151576023723
2,0.0777340821400021,0.9715171862740999,0.19080596613512948
3,0.025773211366758222,0.7377397347418306,0.4059263470654403
4,0.9450521660345481,0.8024116954091222,0.15994833997332158
5,0.7053854353220173,0.9455486670022062,0.5309742299233263
6,0.6180353106525016,0.2609030127296928,0.7842407794421558
7,0.1519680515270913,0.9737345467192119,0.6319834233413093
8,0.7176027231771573,0.8843829614752672,0.707267045975158
9,0.8593065932335172,0.99371036061629,0.7281937006411137
10,0.5558594622065267,0.9019850820044236,0.9756325293134219
11,0.9152982402193331,0.31333756514366845,0.08271950857290475
12,0.23568792240895722,0.4741929539640053,0.3591504480103072
13,0.44729562020474156,0.6750787096083266,0.2703668913227989
14,0.37976828183905764,0.1544088680526427,0.9815765399226131
15,0.7599401993986301,0.847248963441952,0.15175566889725373
16,0.48080269567106126,0.8882071487108325,0.5124449545712785
17,0.5507802803382538,0.4896760171190027,0.9692214554236211
18,0.050126905127278014,0.09809392141242206,0.4843342513479645
19,0.2557756226781638,0.13317859045421895,0.7256255389146384
20,0.7401088649015358,0.34755104232032746,0.6019023586866884
