Particle,V_x,V_y
1,-0.596564710942879,1.770931176135908,0.8350939826018547
2,-0.8123234668495718,-2.4999681051229548,1.8078508988380702
3,2.388850880350847,-2.2361686458511087,-0.9181323762730784
4,0.29003803379508597,0.42891007864448155,2.4533816110895867
5,0.9918897896562018,0.4337869523665669,1.3629663225268083
6,1.4570713655906933,-0.6274030026207714,-0.9883868351718132
7,-0.05211447842841,0.25361296970047176,3.6834540727537246
8,-1.0695088309446419,1.1262847852523203,-0.31650305236862364
9,0.16498568746276485,1.1458462230489415,-3.2471611674586573
10,-0.21022904240869744,-0.04791267803573516,-0.8547324108852732
11,1.3474674648172118,-0.06157051164127824,-1.7854176963714945
12,-1.9874044016185572,-1.109863890061924,0.7056809683521864
13,0.6811989026141043,-3.1099361009367676,1.7850159439965398
14,-0.6443603408735988,-0.10967423006963296,1.0449107212899518
15,-1.9903481114235315,-0.6515215842749188,0.8139509295406827
16,-0.7164089595168778,1.0671822320211286,-1.1476858637300886
17,-0.2880906043672896,0.44984654718403555,-0.7289661159640818
18,1.150255916736342,-0.32362687078566016,-3.8914575720936395
19,1.3229979716526883,-0.011611702370578077,0.7889966455117737
20,0.4645997432826762,1.2321431113898307,-0.4618799326354886
