Particle,V_x,V_y
1,-3.225324058702425,-1.460080809183293,-2.9394916531462574
2,-1.3437990367581862,-0.32007947273531195,-1.2302944465584487
3,-1.844845274573708,2.1852161389601608,-0.5231500430197238
4,-0.8221016929424388,1.3642902769217387,-1.9007471079252558
5,-0.716347204214552,0.7630360929084764,-1.308012351531496
6,-0.41824759072984763,-2.6419987236763056,3.116714155638038
7,0.8700500224996843,-0.5668305495160736,-0.7294362513693924
8,1.153714094383105,2.234982001384645,2.0819997514305775
9,1.1607573122077337,0.4901744472481472,-2.1030528506767525
10,1.2792500601367798,-1.3603361122931843,2.209204404817742
11,2.4093704133523106,-2.184608824987696,1.3896582998800215
12,-1.6419589695381915,0.4664178833819456,-1.542006245942293
13,-0.05643349661757019,0.9899224944627351,2.2246507110585543
14,0.5967215712784969,0.11243102672307864,1.1439195785529026
15,-0.11262078291955091,-0.27255376531120873,0.16967783740204775
16,1.8664464616096368,-0.25528792968142877,0.8097577141612324
17,1.0295765396798933,-1.1090993100936264,0.4497492670947868
18,0.9526408747399566,-0.177867088734265,0.31355993463813814
19,1.1877174412837084,-0.6184604905238347,0.41797463958345543
20,-0.4325638755907422,-0.5199805312828987,-1.1096962705387492
