Particle,V_x,V_y
1,1.1927948759705012,-0.21926844914120047,-0.4998579013633272
2,0.3980310700048359,-1.4455259779400733,-0.5652034888888756
3,2.186434366272039,0.3917913407627775,1.5969960499093028
4,0.384262280151986,0.12326688672902321,-0.7627977848897051
5,0.7078697314783898,1.5793249478248161,-1.408016129026789
6,2.444874843307535,-2.122625651644689,1.5908895030397912
7,-0.8939075190852346,-1.07375944226786,-0.45898905361666387
8,-0.9892001134996146,-0.02321085716768508,-0.23933306157921147
9,-0.968067398023527,-1.5495265506954128,1.2660015395190618
10,-1.2865541827171407,-0.9693012971798235,-2.4625012069864307
11,-1.115850988197714,-1.562633133537002,0.6298129419630281
12,1.8695811418334534,0.6003855128533946,-1.7484106563748276
13,-1.4004055968591862,0.7031659297588388,-0.9700904571732969
14,1.1466348784208846,-0.8951057622204515,1.7019718406142008
15,2.2446537736417818,1.3750202552313162,0.5106050773614706
16,-2.256799312399105,-0.10421526199479497,0.13755470328181266
17,-0.6561139154478449,3.212686594546815,-0.7358415499736203
18,-3.4399805928064833,-0.26648464859098037,-0.7103036883450488
19,-0.6777550903378454,0.06446390095856219,2.504048542054811
20,3.001500556876894,-0.6991615823138413,1.5644438540237566
