Particle,V_x,V_y
1,0.46157058848231364,0.3762868130953207,-0.10274945357493435
2,-0.31821106441632446,-0.7709701599474461,0.563090635599967
3,0.10144301971513055,-0.024271848070383167,0.21641664868231658
4,-0.4577887233726154,0.4277423144773571,0.1502813522640248
5,-0.5304300825608114,-0.038782457416216255,0.49718753870878396
6,0.4066507603885649,0.7641557629522598,0.1728581042740614
7,1.723325109894379,-0.4703894831534089,-0.20379488312821062
8,-0.031130173812586412,-0.7250830465287434,0.5327675297384781
9,0.4617148629559604,0.009666473963584917,-0.27313756420464297
10,-0.7640284598232648,-0.4032791890384091,0.3800937188038752
11,-0.10777187813149172,-0.21798049616215057,0.255759198451944
12,0.5912656595498463,0.13299250603336557,0.16179873719068885
13,0.696527129799319,0.0993756493536641,-0.16117531767562307
14,0.3335451405811541,-0.1594961870030468,-0.19980261935456203
15,0.6606656463369479,-0.12101664478707597,-1.3445564851210674
16,0.17650881226282036,-0.20213285916664953,-0.1477393171402039
17,0.23114444652996477,-0.08472104944366715,0.10865316486719354
18,-1.2251151787858003,-0.6689380442237729,1.1028625910456735
19,-0.010692034782677518,-0.8562118058139382,-0.5467959181906638
20,-0.5071907722263931,0.05234050485121052,-0.2210385876878442
