Particle,V_x,V_y
1,-1.4863579119619605,0.7654704342084447,0.23327507470291442
2,0.7415374091402731,1.2955815220749645,1.1966188803333817
3,1.417918839882135,0.8562015086040441,-1.4279756042381415
4,1.619470059967221,-1.0709947483864144,-0.661212489051725
5,0.43850294265662676,-0.8110122231524263,-0.5396465563644525
6,-0.19650773290476134,-1.1333517079992315,-0.8463877062437204
7,2.2816099168576747,-0.9397194225491622,1.1901746856863238
8,2.0156845996529182,-1.3152278273506903,1.7467147165444048
9,1.4960940520361015,1.96714236754228,1.2200533821325743
10,-0.00950410239453358,-1.4269817562254432,-0.7378566285364185
11,1.0675476144903733,-2.681131918691241,-0.7575053297659771
12,-1.588393096917435,1.6025053926726025,1.1240618304250054
13,-0.8316997314910524,0.9512771013463266,1.2771831044796338
14,-1.7035077227232138,-3.0752275418748907,-1.6770867000954375
15,-0.9446451983357013,2.240563058660983,0.3089912448328999
16,-0.46498224767278684,-2.4020996523150853,-1.6646971103707757
17,-0.9191041357045284,1.570602579751381,1.95183746182109
18,0.9807645605047616,-0.12883490672817463,-0.01610808481358948
19,1.462970063396055,0.43592205118295185,-1.136520698297429
20,-3.4853953698935363,0.4186024432004679,0.15706560036889194
