Particle,V_x,V_y
1,1.2947139148378355,2.0411979834882694,-0.736158681220319
2,-1.0495052442306223,0.21537635569196747,-1.0380503599815518
3,0.46228110472654316,-1.0550676431163082,-1.2461498949306375
4,-2.3952802373263444,-0.09038214364354771,0.7105481858205915
5,-0.0913005030234318,-0.053556148909878316,0.8169025805012682
6,2.284354694230571,0.7314211122902541,1.111743040411
7,1.2336419581129814,-0.08071478194252776,0.09719260374792076
8,2.3001429681447974,-0.21141258462279253,-3.1347636598040722
9,0.8302869443719909,-0.5739401972520243,-0.5048763198348734
10,-2.0362877320668775,2.6325573301609086,0.515949559619701
11,0.30609384786155264,0.7062279160010138,1.4928088548045344
12,-0.10309743986620057,-1.7714049722307388,1.4319676029175847
13,-0.5585333473734176,-0.5664241364456211,0.7278860690330422
14,4.064044603813524,0.9578365375400602,0.6477877982241199
15,-2.1242774484073483,-0.018114118646312162,-0.03557043286229355
16,-1.7327774464332097,-1.735623969514229,0.905342977235913
17,-0.378281239476164,-2.4726488110261045,-1.3490810500572556
18,1.2246021386629984,-0.2077231633321069,2.2138177648462487
19,-0.3645596683869922,0.742206658130025,-1.8777843172495334
20,-1.27425905958763,-2.070524468648645,0.19146675232790675
