Particle,V_x,V_y
1,-2.43164785348328,-1.13760503694686,3.0249666419119863
2,0.0959304012772709,0.9075144348181495,-1.3634188716322786
3,0.9285139675712053,0.43620090407738304,-4.01600806205599
4,-0.7477852615371722,1.352553820503797,1.329761961064601
5,1.3011893664763103,-1.0228315797905139,-1.0528544233284811
6,-1.047992624148831,-1.5764932519452741,-0.7431930545588812
7,-2.400457133092164,1.8067069427536406,-0.6339677186080597
8,0.07483974298352608,-0.138832279023292,0.7863604264335817
9,-2.2956941592669513,-0.15151105806103554,-0.075070753075839
10,0.32550532924683717,-2.0453178709786686,2.4175601993581326
11,0.5348407394082897,-0.019525497086465282,0.30855741325372077
12,1.9774216606297215,-1.450407368468321,-0.6787950671205971
13,0.753463392693086,0.7873411846298536,-2.3474709865902743
14,0.9939433514987318,1.6867356772459865,0.04249195494446064
15,0.6332126154598223,0.11526624247774982,-1.3715275689968485
16,0.0013072242636316628,-2.184418291455518,1.889450068710927
17,1.1559623171342654,-0.009517670640734395,2.940133793971338
18,0.5156636090951854,0.5915751229236688,-1.2719032271751498
19,-0.7928229940374224,-0.6365985075004202,0.7809361741348857
20,2.316609116412397,-0.1915491635612767,0.9749701729081119
