Particle,V_x,V_y
1,1.5130533039316705,-0.38415841009345153,-0.8255244146372105
2,0.3164106860074601,-3.651744678917945,1.2595663197340214
3,-2.2893350003129815,0.11125096305999942,-0.6490718465742056
4,-0.6612632050771334,1.998229723763059,0.011441634133104004
5,0.29704103976111934,-0.4847345612956196,0.30836993270737423
6,1.4113784612805125,-0.5930115418278572,-1.306598224718965
7,1.4193803826585323,-3.7612809114626553,1.4190947186728473
8,-0.7474615845392228,2.3805982804521335,2.62941398530248
9,-0.3710235360511042,-0.7376640492560514,1.5910238612711887
10,-1.5904474823812584,-0.21979498413754905,1.4581513001642896
11,1.9399522145728423,1.2005509792063487,-1.7126353580721378
12,-1.7946613381008019,0.47530625853187297,-0.6564730662750738
13,1.3101108406781572,-1.0295016627701898,0.9886607836135505
14,2.625540321943976,-0.8190672135348905,0.14823875965997138
15,-1.3912154693969534,1.0243199122430888,-1.4428356787227186
16,0.05020160574575516,0.21112019194080828,-2.8642208046420135
17,-0.7418319448157004,0.1692490117599113,-0.2169668616817106
18,-1.1691718437613496,-0.1289741156814328,2.349979503033494
19,1.4126046450572236,1.0685808421392133,0.4607784704719086
20,0.3527407113837533,0.29001271985353744,-2.009413939891176
