Particle,V_x,V_y
1,1.837082734603922,-1.3180850562583644,0.8290280576256305
2,0.9134762610577214,2.072834654612113,0.2933157734316515
3,-1.6547126738376974,0.5110482922049392,-1.1471324444578643
4,0.5853911053642026,0.8709121426202691,0.9922189077627195
5,2.858308656412338,-3.138904987745966,1.2485347514718135
6,-1.6563330265706817,-1.5441236483019662,0.21179299513574557
7,-0.10487506392575265,0.3417046669623317,-0.2010688989269976
8,-0.1550149222547232,-2.6922725389914803,-1.0691781067006254
9,-0.7407615826735455,0.5667550594511246,-1.0940908452057116
10,-0.8931415311111461,1.174646207419857,-0.895657835500389
11,-0.9729451007015357,-2.09190399949796,1.9223071766456181
12,1.4857938242682316,0.5117683129917563,-1.1389667840528492
13,0.3335909086910486,1.1158361299243524,-0.3324579288150283
14,0.8777867921960741,-0.3882769599915032,-2.055618338509483
15,-2.5851670223805123,1.7141576775055132,-1.6362678615718935
16,1.7584881914871708,2.1148940877833966,0.4730717252130738
17,0.5434876706691302,-1.9506394748634484,0.8976347365104762
18,1.5028420841494525,0.03993375604366894,1.6951202588200973
19,0.14738491525365646,-0.3942377745935862,3.202781780957774
20,-2.18867941211304,-0.39675979330311123,-1.2543880462846069
