Particle,V_x,V_y
1,-0.13360199091420033,0.8474486459301573,0.37628850072790543
2,-0.41614402597305583,-0.5562498165968071,-1.4724818513917104
3,1.4743974186786606,-1.4546657209088807,0.5862626178559315
4,2.323614936535077,0.9072219537857339,0.6479519889968149
5,1.0086929211895768,0.8514688710908958,0.5850894240574911
6,-0.05231255801263492,1.6129819420074754,-1.4235856698560367
7,-0.22803882620590285,-2.7811604618837307,1.559979033852945
8,-0.8643970575558084,1.7061673161301867,0.6313599724917119
9,1.80577176290558,0.5512490771046289,-1.1578184159264415
10,1.2102802565547082,0.7201109208269374,1.6827720655888998
11,-0.4728226509744305,-0.6981104961513015,-2.5358841497213422
12,-0.5603971775184252,-1.272369715774615,1.7885041723457544
13,0.7319525801892219,-0.612246943593039,-0.43026365514502685
14,-0.2555178563445564,-2.802923477925435,-2.963864409657383
15,-1.6190263264579665,0.7631529327200502,-1.2690317821557404
16,-1.128632417578809,-2.210540810446196,-1.536530768200047
17,-0.2664068195412588,0.9843961392215065,2.9280496774233478
18,0.7686339555360042,-1.193996573306044,1.6544946492361408
19,0.18944625765365677,3.378564640814138,0.807539182868138
20,-1.623489573581213,-1.6212116690736582,0.48214849015806505
